
bubble: [0.06481842, 0.32461675999999995, 0.6821652199999999, 1.1949422399999998, 1.9049570899999995, 2.60630315, 3.5572019800000008, 4.492040569999999, 5.657362699999998, 7.1786929399999995]
selection: [0.04150410999999963, 0.21904776000000084, 0.40302659000000174, 0.6795194699999968, 1.0876914999999996, 1.6116379800000005, 2.210294909999999, 2.912896760000001, 3.6352448800000046, 4.489948270000002]
merge: [0.004066831599999999, 0.0085969583, 0.013967936399999999, 0.0193245906, 0.023430025299999997, 0.027544984999999998, 0.03300218370000001, 0.038126177299999994, 0.043449523000000025, 0.04898026390000001]
quick: [0.003313573700000006, 0.007286147199999988, 0.011308579500000008, 0.01612658859999999, 0.02360998790000002, 0.02980059510000001, 0.03755901180000001, 0.04521095559999998, 0.05385882450000003, 0.06350819849999999]